86.6
92.74
49.94
51.26
53.82
74.08
69.46
62.82
62.82
93.2
70.18
69.64
73.94
48.24
48.3
56.42
68.7
46.86
46.86
80.58
64.2
64.2
46.54
57.6
48.06
48.06
72.24
55.46
55.46
70.52
47.42
46.38
77.76
76.0926
76.0926
58.54
51.9
51.7
49.64
49.64
49.64
50
50
50
0.697206
0.697206
0.697206
0.697206
0.697206
300
300
300
300
300
300
300
300
300
300
89
300
87.12
300
300
92.46
300
58.98
300
52.56
300
300

300
300
300
300
0
0
0
49.46
50.9
72.44
71.42
58.2
75.6
86.78
71.12
64.68
63.42
63.62
111.59
76.78
74.3
300
113.65
300
103.03
49.06
60.26
48.44
108.23
61.86
300
52.62
80.72
59.16
56.36
64.52
56.1
44.94
59.44
49.78
63.98
133.13
49.98
69.06
300
46.28
80.42
51.26
99.66
51.12
56.52
57.24
45.88
46.98
93.02
59.1
104.15
44.46
58.32
44.04
46.76
63.96
300
300
66.44
49.28
58.86
44.22
56.26
47.58
64.38
300
69.5
58.4
57.32
43.46
45.66
300
52.8
76.7
68.2
103.79
51.8
54.4
44.78
82.02
47.58
59.08
44.04
45.8
91.76
43.52
300
300
56.7
41.7
43.86
138.27
300
45.14
59.06
57.84
300
41.46
120.99
47.64
54.96
300
44
300
44.46
45.4
300
300
132.57
79.54
43.44
73.02
44.6
300
51.34
41.28
44.58
44.82
43.38
300
48.74
51.1
51.96
66.14
300
75.22
42.3
49.88
58.94
51.44
63.24
43.16
50.04
47.16
300
43.38
58.58
44.54
45.6
300
54.18
49.56
46.52
46.5
55.72
42.48
41.94
46.14
42.12
300
67.94
43.92
46.8
42.68
300
43.72
42.38
44.04
44.48
65.12
102.17
43.88
300
300
64.44
50.72
45.56
54.8
75.14
46.68
41.88
300
46.16
56.48
47.94
48.52
50.28
300
50.46
56.48
48.26
50.92
44.42
300
49.42
43.1
62.6
46.82
51.36
69.58
45.54
42.92
46.68
300
300
44.66
48.92
46.58
48
53.72
46.64
42.28
45.12
70.4
42.58
42.5
43.2
42.44
44.64
43.5
42.16
43.8
44.04
43.38
44.16
48.34
45.4
44.42
42.5
300
42.64
117.11
42.7
56.1
43.2
43.06
64.2
45.84
111.07
43.6
300
44.06
48.24
42.18
44.14
42.62
43.98
44.42
53.14
300
44.9
114.07
45
300
45.18
42.56
43.1
42.68
47.36
45.44
43.34
48.44
47.36
42.9
42.62
45.8
46.66
61.02
42.56
45.44
50.28
43.62
49.34
42.52
45.44
44.3
44.1
57.86
41.88
46.04
47.06
300
43.26
41.1
50.24
47.86
52.52
132.95
42.92
73.82
43.62
47.42
52.98
100.52
42.6
79.74
66.02
42.42
45.08
45.08
46.62
112.69
42
43.98
57.32
49.64
43.66
48.08
43.26
43.94
42.6
42.84
43.44
42.36
41.74
300
300
45.68
57.86
42.4
300
59.84
44.98
43.92
43.9
300
42.4
44.68
53
42.96
42.26
42.1
41.78
43.74
61.62
42.8
42.46
43.74
45.64
44.16
42.74
42.8
43.3
300
47.28
41.6
43.56
41.4
300
300
46.08
42.02
43.38
300
75.3
300
141.27
45.18
44.88
300
43.46
46.26
300
41.46
43.86
132.09
46.26
43.58
50.72
46.26
44.56
42.62
44.52
57.62
41.12
63.18
42.44
48.8
300
43.8
300
96.52
42.42
42.78
54.64
42.76
42.66
42.16
128.47
44.74
42.32
57.72
41.62
45.46
42.9
300
57.38
55.26
